Поиск в декартвом дереве: 0.000005 0.000005 0.000005 0.000005 0.000004 0.000005 0.000005 0.000005 0.000006 
Поиск в splay дереве: 0.000000 0.000000 0.000000 0.000000 0.000000 0.000001 0.000001 0.000000 0.000001 
Поиск в красно-чёрном дереве: 0.000004 0.000005 0.000003 0.000004 0.000004 0.000004 0.000004 0.000004 0.000004 
Бинарный поиск: 0.000016 0.000001 0.000002 0.000001 0.000000 0.000001 0.000001 0.000002 0.000001 
Удаление в декартвом дереве: 0.000005 0.000004 0.000005 0.000008 0.000005 0.000009 0.000005 0.000006 0.000005 
Удаление в splay дереве: 0.000001 0.000002 0.000001 0.000002 0.000001 0.000002 0.000001 0.000001 0.000002 
Удаление в красно-чёрном дереве: 0.000007 0.000011 0.000006 0.000007 0.000007 0.000009 0.000007 0.000009 0.000008 
Вставка в декартово дерево: 0.000006 0.000008 0.000008 0.000008 0.000008 0.000010 0.000008 0.000007 0.000011 
Вставка в splay дерево: 0.000003 0.000005 0.000004 0.000003 0.000003 0.000003 0.000003 0.000003 0.000008 
Вставка в красно-чёрное дерево: 0.000006 0.000011 0.000009 0.000004 0.000007 0.000009 0.000006 0.000006 0.000009 
